function [data] = data_epinephrine_normal_sleep_Jones1998()
data = [
5.01		145.39	0.00		
4.95		99.48	30.61
4.47		107.13	30.61
3.37		110.96	42.09
3.20		237.22	149.22
2.99		352.00	91.83
2.88		501.21	264.00
];
