function [data] = data_epinephrine_T1DM_sleep_Jones1998()
data = [
5.40		297.35	20.83	
5.41		0.00	0.00
5.22		289.92	23.81	
3.15		286.20	26.79
2.93		372.26	35.70
2.77		425.56	89.27
2.93		407.46	71.41
];
