function [data] = data_epinephrine_normal_Segel2002()
data = [
4.50				207.10	70.85
4.11				228.90	54.50
4.28				245.25	54.50
3.67				604.95	207.10
3.78				801.15	190.75
3.22				1471.50	348.80
3.11				1923.85	228.90
2.56				3967.60	403.30
2.44				4523.50	430.55
4.39				201.65	38.15
4.17				185.30	43.60
4.28				218.00	43.60
3.50				277.95	70.85
3.56				376.05	114.45
3.06				599.50	152.60
2.94				1237.15	397.85
2.56				2005.60	381.50
2.33				3199.15	452.35
];
