function [data] = data_epinephrine_normal_Levy1998()
data = [
5       188.44753   0
4.4     249.12009   0
3.9     405.60101   0
3.3     945.3764    0
2.8 	3289.42114  0
2.2     5138.57764  0
4.4				328.99088   0
3.9				485.41086   0
3.3				865.47516   0
2.8				3241.54736  0
2.2				5553.7168   0

];
