function [data] = data_epinephrine_T2DM_Segel2002()
data = [
4.67				92.65	21.80
4.39				190.75	87.20
4.11				327.00	109.00
3.67				708.50	354.25
3.78				659.45	223.45
3.06				1226.25	425.10
3.06				2027.40	534.10
3.00				2196.35	534.10
2.56				2196.35	861.10
5.39				109.00	21.80
4.28				136.25	27.25
4.11				130.80	43.60
3.78				136.25	43.60
3.72				190.75	59.95
3.39				316.10	152.60
3.00				790.25	376.05
2.78				1062.75	479.60
2.61				1918.40	822.95
];
