function [data] = data_epinephrine_normal_Lerche2009()
data = [
5.00136						158.2576995	20.769514
4.64256						155.128255	18.7949245
4.24283						224.200247	78.139702
4.26057						160.7314	22.7567475
3.83627						281.238966	91.0072065
3.8131						174.2474545	36.5952785
3.95362						150.343046	10.882015
];
