function [data] = data_epinephrine_T1DM_Jones1998()
data = [
5.51		365.80	26.77	
5.29		394.56	29.75			
5.29		429.77	29.76
3.26		655.20	98.21	
3.04		1163.81	318.41
2.77		1246.88	273.77
2.95		1315.07	208.30
];
