function [data] = data_epinephrine_normal_Jones1998()
data = [
4.73		114.78	30.61	
4.84		145.39	34.43		
4.46		260.17	57.39	
3.16		761.38	198.95	
3.27		1530.42	294.61	
3.00		2081.37	474.43	
3.05		2475.46	279.30
];
