function [data] = data_epinephrine_normal_Degn2004()
data = [
5.22512				1101.6394	196.7212			
5.200525				836.06555	206.55737				
5.21855				727.86884	186.88526
4.98384				570.49182	137.70492	
5.07303				570.49182	98.36069
4.0437				629.50818	98.3606600000001
3.91784				747.54095	147.54095
3.42548				2203.27881	226.22962
3.35927				2813.11475	501.63941	
2.98529				4583.60645	590.16382	
3.03731				4957.37695	718.03271
3.554005				2901.6394	649.18042	
4.01096				1681.96716	157.37695	
4.148315				1259.01636	118.03272	
4.46464				1042.62292	157.37701
4.80751				1140.98364	88.5246599999998
];
