function [data] = data_epinephrine_normal_Mitrakou1991()
data = [
5.33				268.29	199.11
5.33				269.64	232.48
5.33				304.10	232.56	
4.80				273.85	99.51		
4.31				276.63	165.91	
4.37				478.52	199.19	
3.84				813.29	298.87
3.68				1247.57	265.67		
3.59				1482.74	232.31	
3.24				2381.80	398.47		
3.06				3015.45	265.51				
3.07				4113.71	464.87			
2.57				4382.08	564.38			
2.40				6742.14	663.98	
2.41				6047.66	431.58
];
