function [data] = data_epinephrine_T2DM_Levy1998()
data = [
5		380.09476   0
4.4		1079.48987  0
3.9		1954.53369  0
3.3		3707.76001  0
2.8		4774.45117  0
2.2		6655.48291  0
];
