function [data] = data_epinephrine_T2DM_Israelian2006()
data = [
5.34				195.20	71.21
5.37				193.44	53.39
4.01				431.97	160.23
3.31				902.00	213.63
3.22				1603.48	302.64
3.14				1797.53	293.72
];
