function [data] = data_epinephrine_T1DM_Levy1998()
data = [
5			491.87122   0
4.4			983.62054   0
3.9			1140.19287  0
3.3			1759.68677  0
2.8			2746.50708  0
2.2			4228.30664  0
];
