function [data] = data_epinephrine_normal_Israelian2006()
data = [
5.45				97.28	26.72
5.43				86.58	17.79
3.95				200.50	35.60
3.21				1115.63	284.89
3.18				1398.72	311.58
3.21				1655.10	293.77
];
