function [data] = data_insulin_T2DM_IV_Knop2007()
data = [
8.58		41.91	11.74
8.58		39.38	13.42
8.57		41.03	10.06
9.16		42.67	11.74
11.04		46.84	10.90
12.67		54.35	14.26
14.34		63.54	15.93
15.80		71.90	20.13
16.22		84.45	22.64
16.14		76.87	17.61
15.66		80.16	21.80
14.02		75.87	19.29
12.10		56.49	12.58
10.58		48.01	10.90
8.80		33.57	5.87
];
