function [data] = data_insulin_normal_OGGT_Butler1991()
data = [
5.44		96.03	66.88
8.65		559.74	137.47
8.63		562.69	63.19
7.54		417.07	66.84
5.54		293.71	74.32
5.26		169.61	55.72
4.90		93.80	55.71
4.78		62.60	48.31
];
