function [data] = data_insulin_normal_IV_Knop2007()
data = [
5.39		36.73	7.52
5.38		38.38	5.01
5.38		39.19	4.18
6.09		55.86	10.86
7.84		77.54	9.19
9.72		91.70	11.69
10.18		99.19	12.52
9.38		94.15	14.19
8.51		96.62	16.70
7.54		84.90	14.20
6.57		64.80	13.36
5.31		32.97	10.02
4.91		25.36	5.01
4.82		25.27	4.18
4.98		23.41	4.18
];
