function [data] = data_insulin_T2DM_OGGT_Fery1993()
data = [
10.71		113.13	24.18
12.61		189.02	27.12
15.43		219.65	21.12
17.70		238.26	21.12
18.50		259.86	27.20
19.74		278.89	27.18
19.76		288.84	21.14
18.31		247.48	24.14
16.38		224.20	24.14
14.56		213.07	27.20
12.81		186.77	24.18
11.73		175.61	27.16
10.65		152.35	24.18
];
