function [data] = data_insulin_T2DM_OGGT_Butler1991()
data = [
11.23		110.90	55.72
15.34		173.33	40.88
17.89		246.91	44.57
17.46		283.32	63.15
15.87		297.41	66.89
13.36		232.76	52.03
11.59		175.53	40.89
10.56		136.91	44.60
];
