function [data] = data_insulin_normal_OGGT_Fery1993()
data = [
5.52		113.11	0
7.67		466.79	0
9.69		645.40	0
10.80		805.87	0
10.63		782.21	0
8.57		707.65	0
7.36		527.40	0
6.41		389.32	0
5.33		251.35	0
4.92		143.66	0
4.57		120.38	0
4.89		97.10	0
5.09		91.96	0
];
