function [data] = data_insulin_T2DM_OGGT_Basu2009()
data = [
9.08		57.20	20.29	
9.08		53.59	16.89
9.21		83.94	13.53
9.27		100.79	13.52
10.16		107.51	13.52
11.49		124.36	47.29
13.59		174.97	70.95
15.24		201.91	114.86
16.38		232.23	84.45
17.21		255.80	121.63
18.16		292.84	125.00
17.97		306.24	74.31
17.97		360.04	37.16
16.70		383.46	64.18
15.17		362.94	60.81
13.27		345.81	37.17
12.19		305.02	16.89
11.56		291.36	23.65
11.17		270.93	16.90
10.60		226.84	20.28
9.59		175.69	16.89
];
