function [data] = data_insulin_normal_IV_Ferrannini1979()
%% Normal data Ferrannini1979
data = [
4.04		39.10	0
12.61		243.68	0
14.48		384.41	43.54
14.06		440.98	44.99
13.77		398.86	42.08
13.49		394.49	52.23
12.93		313.18	37.73
12.42		311.69	37.73
12.00		300.06	31.92
12.00		295.67	42.08
11.99		281.12	31.93
11.62		257.87	34.82
10.97		249.13	33.38
10.54		241.84	23.22
10.64		256.32	43.53
10.40		237.42	29.02
9.56		217.04	30.47
9.97		208.24	23.21
8.89		165.99	20.31
7.91		139.71	15.97
7.06		117.69	8.70
6.33		104.13	11.61
5.14		59.93	5.81
4.51		44.91	4.35
];
