function [data] = data_insulin_normal_OGGT_Cobelli2010()
data = [
4.51		25.34	3.20
4.88		24.27	1.56	
4.86		25.18	0.43
4.90		34.22	0.08
5.23		63.69	23.15
6.33		162.63	70.54
7.61		271.53	122.74
9.15		462.40	164.79
9.29		376.27	93.37
8.82		340.24	30.48
8.26		342.93	20.97
7.57		280.28	41.16
7.01		277.62	83.92
5.91		174.45	113.01
5.16		124.52	78.66
4.77		78.07	58.08
4.75		55.96	40.81
4.90		50.00	41.50
4.95		38.97	35.83
5.00		38.29	27.20
5.03		36.78	29.34
4.98		28.26	22.02
4.85		21.40	14.25
];
