function [data] = data_insulin_normal_Lerche2009()
data = [
3.95		17.87	3.15
3.95		15.77	1.05
5.16		72.54	9.46
7.15		162.94	27.33
9.23		300.66	67.28
10.20		326.94	80.95
10.51		426.81	91.46
9.24		338.50	89.36
7.96		244.94	58.87
6.38		85.15	21.02
5.00136		22.18281	2.53752
4.9611		15.79809	1.06412
4.64256		10.55935	0.409269999999999
4.45498		12.03274	1.75989
4.24283		12.40109	1.30969
4.01431		13.13779	2.2101
4.26057		13.83356	2.25102
3.84379		10.92769	0.81856
3.83627		10.191	0.16371
3.6487		10.76398	0.81855
3.8131		10.02729	0.0409300000000012
3.65826		12.23738	2.21009
3.95362		13.34243	2.70123
];
