function [data] = data_insulin_IGT_OGGT_Mitrakou1992()
data = [
6.02		67.30	15.42
6.04		66.76	15.38
6.10		70.59	10.99
9.47		237.08	35.16
11.68		335.46	48.38
11.29		381.03	50.57
10.48		380.50	43.98
8.34		298.62	37.34
6.63		236.53	28.58
5.49		178.85	28.54
5.16		138.73	21.99
5.00		120.58	19.80
5.02		87.09	21.96
];
