function [data] = data_insulin_IGT_OGGT_Henkel2005()
data = [
6.06		89.36	22.98
7.98		418.94	68.93
8.98		817.87	173.61
6.87		662.55	165.95
5.29		292.76	48.51
5.41		99.57	20.43
];
