function [data] = data_insulin_normal_OGGT_Gerich1993()
%% Ferrannini1988 NIDDM insulin
data = [
5.80		54.25	16.02
5.84		54.07	13.89
5.79		60.30	12.82
9.20		326.11	34.18
9.28		357.99	43.80
8.42		264.87	37.39
7.24		190.98	30.98
6.24		124.58	23.50
5.61		77.39	23.50
4.65		47.31	17.10
4.33		41.78	16.03
4.73		44.80	17.09
4.94		43.56	17.09
];
