function [data] = data_insulin_normal_OGGT_Ferrannini1988()
%% Normal data Ferrannini1988
data = [
5.19		78.25	21.53		
8.99		421.20	40.92
10.65		581.11	62.45
9.25		506.29	64.59
8.33		455.14	96.91
7.92		395.37	88.29
6.86		348.53	77.53
5.68		224.16	49.53
]
