function [data] = data_insulin_IGT_OGGT_Butler1991()
data = [
7.34		103.47	63.16
10.63		314.53	89.17
12.60		447.51	174.64
11.26		587.96	178.35
10.17		635.52	137.47
7.66		318.22	40.87
6.55		212.67	40.87
5.85		174.05	48.30
];
