function [data] = data_insulin_T2DM_OGGT_Henkel2005()
data = [
9.67		97.02	58.72
12.20		278.51	38.30
15.23		521.70	61.28
13.70		527.24	43.41
11.78		346.38	15.31
9.13		142.98	12.76
];
