function [data] = data_insulin_normal_OGGT_Basu2009()
data = [
5.27		26.80	20.26
5.14		26.55	27.03
5.27		56.91	33.80
6.54		235.88	37.16
7.68		313.55	60.82
9.52		506.03	77.71
10.41		614.06	114.86
10.86		627.49	91.23
10.54		674.71	114.87
9.52		607.03	118.24
8.95		478.53	81.07
7.81		403.96	70.95
6.60		248.31	77.71
5.78		210.92	54.05
5.59		166.75	33.78
5.40		92.19	23.64
5.40		105.54	23.64
5.46		88.49	23.65
5.33		81.57	20.27
5.21		50.69	13.51
];
