function [data] = data_insulin_T2DM_OGGT_Knop2007()
data = [
8.62		46.11	10.06
8.62		45.25	9.23
8.57		44.38	8.39
8.99		48.54	6.71
10.96		83.73	15.09
13.09		123.11	23.48
14.38		130.63	26.83
15.18		136.47	26.83
15.80		144.82	28.51
15.80		133.05	26.83
15.35		137.18	26.83
13.45		93.48	23.48
11.44		66.55	16.77
9.88		55.56	13.42
8.37		36.09	6.71
];
