function [data] = data_insulin_T2DM_OGGT_Ferrannini1988()
%% Ferrannini1988 NIDDM insulin
data = [
10.73		149.32	38.76		
14.62		283.38	64.60
17.31		288.23	64.62
18.71		349.07	83.99
18.86		364.69	83.99
18.02		358.76	99.06
16.66		301.15	81.83
16.00		338.29	90.45
];
