function [data] = data_insulin_normal_OGGT_Mitrakou1992()
data = [
5.34		45.31	17.36
5.37		46.99	15.17
5.39		48.62	17.36
8.50		399.73	42.82
9.14		451.93	43.24
8.26		356.84	43.82
7.13		233.22	33.66
5.93		127.18	25.62
5.28		82.69	23.76
4.46		57.97	26.15
4.17		48.62	19.59
4.58		50.26	17.33
4.76		47.51	19.58
];
