function [data] = data_insulin_normal_OGGT_Henkel2005()
data = [
5.76		61.28	15.32
7.48		344.89	25.53
6.68		452.77	132.77
5.91		322.98	142.97
5.03		126.80	81.70
5.37		58.72	35.74
];
