function [data] = data_insulin_T2DM_OGGT_Gerich1993()
data = [
10.08		75.62	13.88
10.16		74.37	14.96
10.11		77.39	11.75
15.15		164.80	20.30
17.84		198.82	27.77
18.51		223.21	23.51
17.78		244.39	24.57
16.47		222.86	26.70
14.79		189.56	23.50
13.53		176.56	23.50
11.76		143.27	19.23
10.54		148.42	20.30
10.03		139.71	19.22
];
