function [data] = data_insulin_normal_OGGT_Knop2007()
data = [
5.39		37.56	7.52
5.34		38.38	6.68
5.34		39.19	5.84
6.13		110.14	17.54
7.97		227.85	28.39
8.97		256.21	30.06
9.43		296.26	39.25
8.88		313.77	50.10
8.42		291.19	49.27
7.50		219.34	40.92
6.55		133.27	35.91
5.00		54.68	12.52
4.39		26.20	2.50
4.35		25.27	3.34
4.69		22.58	4.18
];
