function [data] = data_insulin_IGT_OGGT_Fery1993()
data = [
6.50		158.38	57.37
8.22		306.84	54.35
10.42		455.23	132.82
12.33		528.13	126.82
13.56		564.84	63.41
13.82		626.11	114.76
13.16		636.08	102.66
11.78		534.27	84.61
10.39		420.48	81.55
9.19		336.83	69.47
7.56		256.20	54.39
6.72		223.90	57.43
5.95		188.58	48.29
];
