function [data] = data_glucagon_IGT_OGGT_Fery1993()
data = [
6.50				57.68	8.78
8.22				58.99	9.41
10.42				53.08	9.72
12.33				55.32	9.41
13.56				45.65	9.09
13.82				37.27	6.59
13.16				36.43	5.33
11.78				38.71	8.16
10.39				34.73	6.58
9.19				36.71	8.15
7.56				37.43	9.10
6.72				37.84	6.27
5.95				42.01	11.61
];
