function [data] = data_glucagon_normal_IV_Knop2007()
data = [
5.39	7.91    0
5.38	7.61    0
5.38	7.49    0
6.93	6.98    0
9.72	5.29    0
8.51	4.99    0
5.31	5.79    0
4.91	5.95    0
4.98	6.47    0
];
