function [data] = data_glucagon_normal_OGGT_Gerich1993()
data = [
5.80				42.55	2.99
5.84				43.27	3.74
5.79				43.00	3.49
9.20				35.14	2.86
9.28				32.26	3.36
8.42				29.62	2.37
7.24				28.73	2.24
6.24				29.58	2.37
5.61				30.18	2.61
4.65				35.14	2.61
4.33				36.61	2.74
4.73				42.19	3.36
4.94				41.30	3.11
];
