function [data] = data_glucagon_normal_OGGT_Henkel2005()
data = [
5.76				37.84	0.59
7.48				40.43	1.78
6.68				32.92	1.19
5.03				41.97	1.78
];
