function [data] = data_glucagon_normal_Segel2002()
data = [
4.50		17.22	2.87
4.11		17.79	2.58
4.28		17.79	3.16
3.67		20.37	4.02
3.78		20.09	0.57
3.22		19.51	2.87
3.11		25.25	4.30
2.56		30.13	5.16
2.44		26.69	4.30
4.39		13.49	1.43
4.17		13.77	1.43
4.28		12.91	1.43
3.50		14.63	1.15
3.56		13.20	1.72
3.06		13.20	1.72
2.94		18.08	12.34
2.56		19.80	3.44
2.33		20.95	2.87
];
%data(:,2) = data(:,2)*3.485;
