function [data] = data_glucagon_T2DM_OGGT_Basu2009()
data = [
9.08    39.36	1.51
9.08	39.17	1.92
9.21	46.97	2.75
9.27	54.37	3.38
10.16	57.97	2.60
11.49	57.18	3.40
13.59	58.38	3.21
15.24	57.99	3.81
16.38	54.99	4.21
17.21	50.20	4.00
18.16	49.60	4.20
17.97	49.61	4.81
17.97	45.83	3.21
16.70	44.64	2.21
15.17	48.05	2.24
13.27	49.67	2.46
12.19	46.28	2.66
11.56	51.69	2.49
11.17	53.10	2.50
10.60	52.31	2.51
9.59	50.14	3.14
];
