function [data] = data_glucagon_normal_ToftNielsen2001()
data = [
5.89831		8.47	0.68
5.78402		10.79	0.68
6.43525		12.98	0.96
6.97744		13.93	0.55
7.3003		12.57	0.82
7.18626		12.02	0.55
7.07298		10.93	0.55
6.51953		12.30	0.41
6.2942		9.70	0.55
5.95934		9.29	0.82
5.8433		10.25	0.82
5.727		9.84	0.82
5.61096		9.56	0.82
5.37863		9.02	0.68
5.36513		8.47	0.68
5.24183		8.47	0.41
];