function [data] = data_glucagon_T2DM_OGGT_Gerich1993()
data = [
10.08   56.11	3.86
10.16	54.97	2.86
10.11	56.07	3.49
15.15	62.77	4.36
17.84	57.28	5.10
18.51	55.26	4.85
17.78	50.26	4.85
16.47	50.37	4.85
14.79	48.98	3.98
13.53	50.08	4.11
11.76	48.81	3.74
10.54	52.03	3.86
10.03	52.88	4.11
];
