function [data] = data_glucagon_normal_OGGT_Butler1991()
data = [    
5.44				45.92   0
8.65				46.77   0
8.63				42.11   0
7.54				40.48   0
5.54				46.84   0
5.26				53.17   0
4.90				53.28   0
4.78				51.79   0
];
