function [data] = data_glucagon_normal_OGGT_Cobelli2010()
data = [
4.51				23.95	0.06
4.88				22.95	0.12
4.86				22.82	0.00
9.15				23.15	0.13	
8.26				21.62	0.19
7.01				22.37	0.00
5.91				23.68	0.09
5.16				26.20	0.32
4.77				27.66	0.22
4.90				28.05	0.08
5.03				27.01	0.22
4.98				25.85	0.19
];
