function [data] = data_glucagon_normal_OGGT_Fery1993()
data = [
5.52				49.53	0
7.67				50.84	0
9.69				46.80	0
10.80				42.78	0
10.63				40.00	0
8.57				37.89	0
7.36				37.37	0
6.41				36.83	0
5.33				41.00	0
4.92				48.62	0
4.57				46.84	0
4.89				46.93	0
5.09				47.02	0
];
