function [data] = data_glucagon_IGT_OGGT_Henkel2005()
data = [
6.06				48.15	0.50
7.98				53.71	4.06
8.98				31.93	1.98
5.29				49.11	0.00
];
