function [data] = data_glucagon_IGT_OGGT_Butler1991()
data = [    
7.34				54.99	0
10.63				54.42	0
12.60				53.50	0
11.26				50.61	0
10.17				53.60	0
7.66				56.91	0
6.55				55.24	0
5.85				53.21	0
];
