function [data] = data_glucagon_T2DM_OGGT_Butler1991()
data = [    
11.23				50.19	0
15.34				55.49	0
17.89				54.03	0
17.46				53.99	0
15.87				51.82	0
13.36				53.35	0
11.59				50.26	0
10.56				50.19	0
];
