function [data] = data_glucagon_normal_Degn2004()
data = [
5.22512		16.7177216642755	0.480662840746054
5.2172		18.2870530846485	1.20178766140603
5.18385		15.2874117647059	0.721885222381637
5.21855		14.0914662840746	1.44275179340029
5.17659		14.7020086083214	0.720614060258249
5.1097		11.7054146341463	0.720361549497846
4.91045		11.9547604017217	1.56272883787661
4.98384		9.92051076040172	1.44300717360115
5.006165		8.84783931133429	1.32353802008608
5.054		8.25532568149211	1.44224390243902
4.96978		8.14423816355811	1.08155523672884
5.07303		8.1541406025825	1.20204017216643
4.43479		8.28376470588235	1.32226972740316
4.0437		11.4186169296987	1.20204017216643
3.887055		12.990737446198	0.961833572453372
3.91784		13.3608235294118	1.08232137733142
3.556605		16.9765911047346	2.16387661406026
3.42548		23.2381664275466	1.32252510760402
3.34979		26.2527890961263	3.12621807747489
3.35927		31.6725050215208	3.48665136298422
2.98529		39.4968091822095	4.9288981348637
3.03731		51.1681979913917	6.97304734576757
3.554005		38.7939684361549	4.80892109038738
4.01096		22.8126025824964	2.88525107604017
4.148315		16.6908091822095	1.08257388809182
4.46464		16.6994404591105	1.08155523672884
4.589185		15.5060344332855	1.56247345767575
4.80751		12.6304332855093	1.20153228120516
];
%data(:,2) = data(:,2)*3.485;
