function [data] = data_glucagon_normal_Lerche2009()
data = [
5.00136				6.20408	0.93878
4.9611				4.73469	1.06123
4.64256				5.30612	0.7347
4.45498				7.06122	1.71429
4.24283				7.59184	1.83673
4.01431				9.71429	2.73469
4.26057				12.36735	2.93877
3.84379				15.38776	3.30612
3.83627				14.2449	2.2449
3.6487				18.97959	3.95919
3.8131				16	2.2449
3.65826				20.2449	2.77551
3.95362				16.08163	3.30612
];
% data(:,2) = data(:,2)*3.485;