function [data] = data_glucagon_T2DM_Segel2002()
data = [
4.67		12.63	1.43
4.39		12.91	1.15
4.11		13.77	2.58
3.67		14.35	2.30
3.78		15.49	2.87
3.06		15.21	2.01
3.06		16.07	2.58
3.00		14.92	1.43
2.56		16.07	1.43
5.39		10.62	0.86
4.28		10.90	1.43
4.11		11.19	1.43
3.78		9.76	0.86
3.72		9.47	1.15
3.39		12.05	2.58
3.00		12.91	2.30
2.78		13.77	2.58
2.61		14.63	2.30
];
%data(:,2) = data(:,2)*3.485;
