function [data] = data_glucagon_normal_OGGT_Knop2007()
data = [
5.39	7.42    0
5.34	7.58    0
5.34	7.44    0
7.01	7.00    0
8.97	6.49    0
9.63	5.50    0
8.42	5.03    0
6.55	4.89    0
5.00	5.28    0
4.39	5.97    0
4.35	7.17    0
4.69	7.58    0
];
