function [data] = data_glucagon_normal_OGGT_Basu2009()
data = [
5.27				41.56	2.00
5.14				40.97	1.00
5.27				44.37	2.00
5.65				46.17	2.00
6.54				44.18	2.60
7.68				46.58	2.80
9.52				48.58	2.80
10.41				49.19	5.00
10.86				45.19	3.20
10.54				46.40	2.60
9.52				45.21	3.20
8.95				44.81	3.40
7.81				44.03	2.60
6.60				47.04	2.40
5.78				45.46	2.00
5.59				52.47	3.20
5.40				56.48	3.80
5.40				54.49	3.40
5.46				55.90	3.80
5.33				55.11	4.20
5.21				54.54	4.40
];
