function [data] = data_glucagon_normal_OGGT_Mitrakou1992()
data = [
5.34				41.88	2.64
5.37				43.28	3.19
5.39				42.92	3.30
8.50				32.79	2.64
9.14				29.68	2.64
8.26				25.81	2.64
7.13				26.00	2.97
5.93				27.62	2.53
5.28				27.70	2.31
4.46				31.74	4.29
4.17				34.68	3.84
4.58				37.95	4.07
4.76				37.26	3.41
];
