function [data] = data_glucagon_T2DM_IV_Knop2007()
data = [
8.58	10.40   0
8.58	10.31   0
8.57	10.22   0
10.33	9.52    0
12.67	8.32    0
16.22	6.93    0
14.02	6.39    0
12.10	6.48    0
8.80	6.82    0
];
