function [data] = data_glucagon_T1DM_Levy1998()
data = [
4.4			16.9678880918221    0
3.9			18.0329411764706    0
3.3			18.5216958393113    0
2.8			23.2086542324247    0
2.2			16.6687977044476    0
];
