function [data] = data_glucagon_IGT_ToftNielsen2001()
data = [
6.22593		11.20	0.96
6.22168		14.21	1.09
6.76337		17.62	0.68
7.41434		18.44	0.96
7.8465		17.21	1.09
7.95153		15.85	1.09
8.05632		15.57	0.96
7.83099		16.12	1.23
7.60566		12.16	0.96
7.16151		12.02	0.82
6.82689		11.89	0.82
6.60131		11.20	0.82
6.26694		10.79	0.82
5.81604		11.34	0.55
5.47417		11.61	0.41
5.24183		10.93	0.55
];