function [data] = data_glucagon_normal_Mitrakou1991()
data = [    
5.33		42.71	6.56
5.33		44.04	5.68
5.33		43.19	5.24	
4.80		41.04	4.37
4.31		46.32	5.68
4.37		46.36	6.55
3.84		49.45	4.81
3.68		56.48	7.43
3.59		68.31	6.99
3.24		80.15	6.99
3.06		99.85	9.18
3.07		108.62	12.24
2.57		111.72	13.55
2.40		121.37	15.73
2.41		113.54	14.85
];
