function [data] = data_glucagon_normal_Israelian2006()
data = [
5.45		22.41	3.34
5.43		21.44	3.78
3.95		24.43	3.34
3.21		33.36	6.68
3.18		38.39	8.01
3.21		42.65	8.68
];
