function [data] = data_glucagon_T2DM_Israelian2006()
data = [
5.34		25.73	4.67
5.37		25.97	4.23
4.01		21.49	5.79
3.31		25.76	8.01
3.22		29.38	10.24
3.14		29.95	10.24
];
