function [data] = data_glucagon_T2DM_OGGT_Fery1993()
data = [
10.71				71.80	9.10
12.61				73.10	9.09
15.43				69.07	8.47
17.70				65.04	7.84
18.50				60.07	8.47
19.74				54.83	6.59
19.76				50.22	7.84
18.31				51.88	7.52
16.38				49.47	7.21
14.56				59.29	6.27
12.81				52.48	5.64
11.73				56.03	5.96
10.65				53.61	5.65
];
