function [data] = data_glucagon_T2DM_Levy1998()
data = [
4.4		33.7059856527977    0
3.9		40.1765451936872    0
3.3		43.5066571018651    0
2.8		51.6112654232425    0
2.2		44.1850789096126    0
];
