function [data] = data_glucagon_normal_Levy1998()
data = [
4.4	27.1260057388809    0.0
3.9	33.8956527977045    0.0
3.3	35.6026542324247    0.0
2.8	59.2380602582496    0.0
2.2	73.6126197991392    0.0
];
