function [data] = data_glucagon_T2DM_OGGT_Mitrakou1992()
data = [
6.02    44.19	2.09
6.04	41.96	3.63
6.10	44.02	2.53
9.47	43.01	3.74
11.68	38.91	4.18
11.29	35.70	4.40
10.48	34.02	4.18
8.34	34.00	3.85
6.63	35.07	3.30
5.49	36.03	3.41
5.16	38.86	3.96
5.00	43.12	3.30
5.02	43.31	3.08
];
