function [data] = data_glucagon_T2DM_ToftNielsen2001()
data = [
11.79988		13.25	0.41
11.90442		14.89	0.68
12.33682		18.17	0.68
13.09683		22.54	1.09
14.07643		22.27	1.23
14.72765		21.45	0.82
15.05052		19.67	0.96
15.26284		18.03	0.82
15.1463		15.85	0.96
14.92122		14.48	0.68
14.69564		14.34	0.55
14.25174		12.84	0.27
13.91687		12.98	0.41
13.1381		12.30	0.41
12.68719		11.34	0.82
12.01821		11.34	0.41
];