function [data] = data_glucagon_T2DM_OGGT_Henkel2005()
data = [
9.67				42.10	0.59
12.20				55.89	4.06
15.23				31.04	0.69
11.78				45.94	3.17
];
