function [data] = data_glucagon_T2DM_OGGT_Knop2007()
data = [
8.62	10.10   0
8.62	10.24   0
8.57	9.92    0
9.95	10.63   0
13.09	10.52   0
14.93	9.52    0
15.80	8.52    0
15.35	7.32    0
13.45	6.69    0
11.44	6.48    0
9.88	7.50    0
8.37	7.98    0
];
